1310.4	78.7284
1311.49	77.4164
1312.58	76.9231
1313.66	76.5882
1314.75	76.5937
1315.84	76.381
1316.92	76.9566
1318.01	77.5951
1319.1	77.2925
1320.18	77.7968
1321.27	77.4639
1322.35	77.8983
1323.44	77.7194
1324.53	78.1975
1325.61	78.2918
1326.7	78.967
1327.78	79.7085
1328.87	80.3351
1329.95	81.4172
1331.03	82.9977
1332.12	85.5722
1333.2	88.6446
1334.29	92.756
1335.37	99.2193
1336.45	106.401
1337.54	119.129
1338.62	146.265
1339.7	203.786
1340.79	264.42
1341.87	329.193
1342.95	356.808
1344.03	330.266
1345.12	312.67
1346.2	292.973
1347.28	273.117
1348.36	255.033
1349.44	239.735
1350.52	226.597
1351.6	216.422
1352.69	207.486
1353.77	199.014
1354.85	191.572
1355.93	185.232
1357.01	179.224
1358.09	174.171
1359.17	168.628
1360.25	164.046
1361.33	160.279
1362.41	157.098
1363.48	154.269
1364.56	151.66
1365.64	148.447
1366.72	146.077
1367.8	143.818
1368.88	141.092
1369.96	138.608
1371.03	136.488
1372.11	134.511
1373.19	132.489
1374.27	130.396
1375.34	128.184
1376.42	126.412
1377.5	125.287
1378.58	123.967
1379.65	122.773
1380.73	121.851
1381.81	121.246
1382.88	120.909
1383.96	120.507
1385.03	119.89
1386.11	119.405
1387.18	118.923
1388.26	118.021
1389.33	116.905
1390.41	115.296
1391.48	113.953
1392.56	112.999
1393.63	112.022
1394.71	110.884
1395.78	109.937
1396.85	109.149
1397.93	108.631
1399	108.198
1400.08	108.086
1401.15	108.047
1402.22	108.174
1403.29	108.262
1404.37	108.085
1405.44	107.664
1406.51	106.983
1407.58	106.337
1408.66	105.532
1409.73	104.828
1410.8	104.043
1411.87	103.313
1412.94	102.557
1414.01	101.949
1415.09	101.254
1416.16	100.475
1417.23	99.7717
1418.3	99.2894
1419.37	98.8522
1420.44	98.6974
1421.51	98.6395
1422.58	98.6186
1423.65	98.4475
1424.72	98.0537
1425.79	97.7725
1426.86	97.4191
1427.92	97.1547
1428.99	96.9354
1430.06	96.7817
1431.13	96.5763
1432.2	96.2798
1433.27	95.8304
1434.33	95.5264
1435.4	95.3074
1436.47	95.1593
1437.54	95.305
1438.61	95.8101
1439.67	96.1935
1440.74	96.878
1441.81	97.5126
1442.87	97.8455
1443.94	97.8448
1445.01	97.6472
1446.07	97.3305
1447.14	96.7722
1448.2	96.2298
1449.27	95.7117
1450.33	94.7779
1451.4	94.1819
1452.46	93.5792
1453.53	92.7783
1454.59	92.0624
1455.66	91.5036
1456.72	91.2702
1457.79	91.1095
1458.85	90.914
1459.92	90.7972
1460.98	90.9925
1462.04	91.237
1463.11	91.5119
1464.17	91.6278
1465.23	91.6706
1466.3	91.9881
1467.36	92.2007
1468.42	92.0451
1469.48	91.5457
1470.55	91.1897
1471.61	90.6858
1472.67	90.122
1473.73	89.5322
1474.79	88.8156
1475.86	88.434
1476.92	88.036
1477.98	87.8757
1479.04	87.8386
1480.1	87.9443
1481.16	88.137
1482.22	88.384
1483.28	88.9057
1484.34	89.884
1485.4	90.3529
1486.46	90.585
1487.52	90.4673
1488.58	90.2328
1489.64	89.6602
1490.7	89.4093
1491.76	89.0861
1492.82	88.5861
1493.87	88.4192
1494.93	88.3123
1495.99	88.2718
1497.05	88.4865
1498.11	88.5207
1499.16	88.8924
1500.22	89.9313
1501.28	90.7376
1502.34	91.1679
1503.39	91.2372
1504.45	90.9917
1505.51	90.9549
1506.56	90.5007
1507.62	89.879
1508.68	89.4289
1509.73	89.2782
1510.79	89.1245
1511.84	89.289
1512.9	88.9477
1513.95	88.711
1515.01	88.6639
1516.06	88.7528
1517.12	89.0089
1518.17	90.0967
1519.23	90.4135
1520.28	90.5432
1521.34	90.8786
1522.39	90.955
1523.45	90.5866
1524.5	90.3198
1525.55	90.0672
1526.61	89.7425
1527.66	89.6331
1528.71	89.3379
1529.77	89.1296
1530.82	89.0242
1531.87	88.9064
1532.92	89.0208
1533.98	88.7522
1535.03	88.5438
1536.08	88.4045
1537.13	88.1473
1538.18	87.8859
1539.24	87.7326
1540.29	87.5647
1541.34	87.3418
1542.39	87.4179
1543.44	87.1365
1544.49	87.1459
1545.54	87.4122
1546.59	87.9013
1547.64	88.5044
1548.69	89.4357
1549.74	90.5829
1550.79	91.6
1551.84	92.6352
1552.89	93.4641
1553.94	94.2709
1554.99	94.7782
1556.04	95.1967
1557.08	95.1596
1558.13	94.8127
1559.18	94.4537
1560.23	94.2621
1561.28	93.962
1562.32	93.6099
1563.37	93.6513
1564.42	93.7889
1565.47	94.1926
1566.51	94.5661
1567.56	94.9412
1568.61	95.2094
1569.66	95.6618
1570.7	96.0468
1571.75	96.499
1572.79	96.9261
1573.84	97.7124
1574.89	98.3627
1575.93	98.9164
1576.98	99.3627
1578.02	99.8254
1579.07	99.9973
1580.11	100.241
1581.16	100.47
1582.2	100.664
1583.25	100.565
1584.29	101.787
1585.34	101.319
1586.38	100.271
1587.42	98.5087
1588.47	96.2421
1589.51	93.5735
1590.55	91.0859
1591.6	88.659
1592.64	86.4602
1593.68	84.4649
1594.73	82.5274
1595.77	80.8888
1596.81	79.6762
1597.85	78.7165
1598.89	77.8387
1599.94	77.4354
1600.98	77.4181
1602.02	78.3294
1603.06	78.5437
1604.1	78.8728
1605.14	79.1541
1606.19	79.2019
1607.23	79.3702
1608.27	79.4048
1609.31	79.5615
1610.35	79.8071
1611.39	79.7193
1612.43	79.5294
1613.47	79.341
1614.51	78.9884
1615.55	78.6279
1616.59	78.443
1617.62	78.676
1618.66	78.7489
1619.7	78.8915
1620.74	79.1022
1621.78	79.3889
1622.82	79.5698
1623.86	79.7267
1624.89	79.7857
1625.93	79.7214
1626.97	79.9775
1628.01	80.1168
1629.04	80.3398
1630.08	80.53
1631.12	80.7456
1632.16	80.6049
1633.19	80.8492
1634.23	80.8165
1635.27	80.5549
1636.3	80.3076
1637.34	79.7906
1638.37	79.4087
1639.41	78.8108
1640.45	78.1945
1641.48	77.5582
1642.52	77.0749
1643.55	76.8788
1644.59	76.8649
1645.62	76.9395
1646.66	77.1496
1647.69	77.405
1648.72	77.4452
1649.76	77.7759
1650.79	78.2783
1651.83	78.5812
1652.86	78.5343
1653.89	78.8217
1654.93	79.0379
1655.96	79.6062
1656.99	79.9364
1658.03	80.0683
1659.06	80.218
1660.09	80.2192
1661.12	80.2762
1662.16	80.4287
1663.19	80.5938
1664.22	80.4785
1665.25	80.4383
1666.28	80.3193
1667.31	80.0662
1668.34	79.7346
1669.38	79.4671
1670.41	79.1992
1671.44	79.1137
1672.47	78.9785
1673.5	78.895
1674.53	79.1064
1675.56	79.205
1676.59	79.2611
1677.62	79.2933
1678.65	79.5002
1679.68	79.7065
1680.71	79.7304
1681.74	79.8817
1682.76	79.9633
1683.79	79.9509
1684.82	79.8954
1685.85	79.9667
1686.88	80.0943
1687.91	80.2957
1688.94	80.4841
1689.96	80.6502
1690.99	80.7765
1692.02	80.9881
1693.05	81.3252
1694.07	81.4066
1695.1	81.4393
1696.13	81.1837
1697.15	80.9215
1698.18	80.8087
1699.21	80.7615
1700.23	80.7096
1701.26	80.6675
1702.29	80.4782
1703.31	80.3142
1704.34	80.3936
1705.36	80.5838
1706.39	80.8765
1707.41	81.2962
1708.44	81.7844
1709.46	82.2345
1710.49	82.6158
1711.51	83.3242
1712.54	83.8168
1713.56	84.1971
1714.58	84.1078
1715.61	84.0664
1716.63	83.3732
1717.66	79.2705
